cameraMatrix:
- - 3110.9892387398963
  - 0.0
  - 2011.08526014337
- - 0.0
  - 3107.771569422284
  - 1635.0332361655453
- - 0.0
  - 0.0
  - 1.0
cx: 2011.08526014337
cy: 1635.0332361655453
distCoeffs:
- - 0.01769070297713296
  - -0.07267798499372521
  - 0.0003723918916297462
  - 0.0008870807441875375
  - 0.04426146898942999
fx: 3110.9892387398963
fy: 3107.771569422284
